              precision    recall  f1-score   support

           0      0.658     0.673     0.665      5000
           1      0.853     0.931     0.891      5000
           2      0.787     0.901     0.840      5000
           3      0.947     0.965     0.956      5000
           4      0.862     0.689     0.766      5000
           5      0.609     0.112     0.189      5000
           6      0.531     0.950     0.682      5000
           7      0.438     0.707     0.541      5000
           8      0.983     0.988     0.986      5000
           9      0.099     0.007     0.013      5000
          10      0.830     0.956     0.888      5000
          11      0.951     0.977     0.964      5000
          12      0.944     0.973     0.958      5000
          13      0.878     0.925     0.901      5000

   micro avg      0.768     0.768     0.768     70000
   macro avg      0.741     0.768     0.731     70000
weighted avg      0.741     0.768     0.731     70000
 samples avg      0.768     0.768     0.768     70000
